No data from PTF
 
2456533.80091 R 15.9555 0.0056
2456533.87197 R 15.9233 0.0063
2456533.87197 R 15.9318 0.0056
2456533.90859 R 15.9165 0.0052
2456537.85351 R 15.7192 0.0031
2456537.89679 R 15.7326 0.003
2456537.89679 R 15.7204 0.0052
2456537.93572 R 15.7184 0.0028
2456538.95476 R 15.7542 0.0157
2456539.77815 R 15.6793 0.004
2456539.81447 R 15.6818 0.0034
2456539.81447 R 15.6787 0.0052
2456539.8506 R 15.6762 0.0031
2456540.95137 R 15.6664 0.003
2456540.99532 R 15.6634 0.0029
2456541.77156 R 15.6687 0.0041
2456541.8083 R 15.679 0.0039
2456542.80633 R 15.695 0.0044
2456542.85142 R 15.6604 0.0035
2456543.76586 R 15.6762 0.0042
2456543.80291 R 15.6856 0.0053
2456543.80291 R 15.6918 0.0038
2456543.83947 R 15.6731 0.0034
2456545.90773 R 15.7535 0.0034
2456546.7588 R 15.8032 0.0048
2456546.89579 R 15.7954 0.0055
2456546.89579 R 15.8071 0.0033
2456546.93236 R 15.815 0.0033
2456547.83414 R 15.8899 0.004
2456547.91568 R 15.88 0.0036
2456547.9522 R 15.8922 0.0037
2456548.85396 R 15.9649 0.0041
2456548.91406 R 15.9827 0.0039
2456548.95042 R 15.9852 0.0039
2456549.85215 R 16.0437 0.0048
2456549.92603 R 16.0441 0.0041
2456549.92603 R 16.0212 0.0062
2456549.96463 R 16.0497 0.004
2456550.86635 R 16.1222 0.0062
2456550.92757 R 16.1353 0.0042
2456550.92757 R 16.1337 0.0066
2456550.9617 R 16.1414 0.0041
2456551.86286 R 16.1735 0.0076
2456551.90313 R 16.1874 0.0073
2456551.90313 R 16.1856 0.007
2456551.93664 R 16.1977 0.0052
2456552.83782 R 16.2261 0.0096
2456552.87101 R 16.2454 0.0084
2456552.87101 R 16.1988 0.0089
2456552.91362 R 16.2123 0.0082
2456561.71697 R 16.3798 0.0086
2456561.78735 R 16.3768 0.009
2456561.78735 R 16.3458 0.0111
2456561.83216 R 16.3733 0.0104
2456562.91083 R 16.3903 0.007
2456562.95455 R 16.4015 0.0069
2456562.95455 R 16.3856 0.008
2456562.98728 R 16.375 0.0072
2456563.8887 R 16.4139 0.0063
2456563.923 R 16.4257 0.007
2456563.923 R 16.4067 0.0078
2456563.9562 R 16.4147 0.0065
2456564.85902 R 16.4283 0.0061
2456564.89358 R 16.4274 0.0064
2456564.89358 R 16.4316 0.0079
2456564.93631 R 16.4287 0.0064
2456565.83828 R 16.4606 0.0063
2456565.90568 R 16.4818 0.0081
2456565.90568 R 16.4596 0.0066
2456565.93845 R 16.475 0.0065
2456566.84046 R 16.5083 0.0066
2456566.87712 R 16.4956 0.008
2456566.87712 R 16.4973 0.0063
2456566.92594 R 16.5064 0.0064
2456567.82777 R 16.564 0.0062
2456567.8626 R 16.5632 0.0082
2456567.8626 R 16.5621 0.0063
2456567.90771 R 16.5638 0.0062
2456568.80898 R 16.6179 0.0069
2456568.84187 R 16.6231 0.0064
2456568.84187 R 16.6136 0.0084
2456568.87701 R 16.6235 0.0065
2456569.78395 R 16.6181 0.0085
2456569.91078 R 16.7129 0.0085
2456569.91078 R 16.6584 0.0091
2456569.94443 R 16.6634 0.0076
2456570.8464 R 16.6936 0.0165
2456570.89803 R 16.7761 0.0146
2456570.89803 R 16.725 0.013
2456570.94016 R 16.6276 0.0186
2456571.84242 R 16.819 0.0151
2456571.87767 R 16.8777 0.0116
2456571.93147 R 16.8713 0.0108
2456572.83552 R 16.9786 0.0132
2456572.87154 R 16.9625 0.0094
2456572.87154 R 16.9703 0.0109
2456572.91964 R 16.9698 0.0097
2456573.82132 R 17.0307 0.0099
2456573.85426 R 17.036 0.0105
2456573.88928 R 17.0347 0.0103
2456576.85661 R 17.2362 0.012
2456576.92206 R 17.2162 0.0124
2456576.92206 R 17.2183 0.0118
2456576.961 R 17.2033 0.0126
2456577.86346 R 17.2606 0.0135
2456577.89405 R 17.2878 0.0129
2456579.88558 R 17.4005 0.0175
2456579.91032 R 17.3996 0.0151
2456580.8124 R 17.4098 0.0224
2456580.83757 R 17.4203 0.0218
2456581.73922 R 17.3763 0.0372
2456581.80355 R 17.4467 0.0312
2456588.64394 R 17.8559 0.0479
2456588.75877 R 17.7168 0.029
2456588.75877 R 17.5703 0.0459
2456588.78378 R 17.5382 0.0459
2456589.68589 R 17.7501 0.0197
2456589.7327 R 17.7271 0.0191
2456589.7327 R 17.7412 0.0243
2456589.75788 R 17.7166 0.0254
2456590.6599 R 17.7599 0.0246
2456590.72544 R 17.8168 0.0218
2456590.72544 R 17.7839 0.0194
2456590.79662 R 17.7634 0.0236
2456591.70212 R 17.9536 0.1049
2456591.72698 R 17.8139 0.041
2456591.72698 R 17.7293 0.105
2456591.75258 R 17.7162 0.0258
2456592.76953 R 17.8386 0.0204
2456592.84058 R 17.8467 0.0216
2456592.84058 R 17.8271 0.0191
2456592.8659 R 17.7714 0.0224
2456593.7674 R 17.8442 0.0246
2456596.64206 R 17.9859 0.0326
2456596.74565 R 17.9642 0.0293
2456596.74565 R 17.9653 0.0241
2456596.77215 R 17.9878 0.0376
2456597.67529 R 18.0619 0.0337
2456597.75926 R 18.0515 0.0248
2456597.75926 R 18.0396 0.0301
2456597.78542 R 18.0365 0.0296
2456598.68689 R 18.1056 0.0409
2456598.71992 R 18.0717 0.0314
2456598.71992 R 18.0845 0.0257
2456598.75536 R 18.0447 0.0316
2456599.65713 R 18.0586 0.0325
2456599.68894 R 18.085 0.0242
2456599.68894 R 18.0903 0.0337
2456599.71727 R 18.1126 0.0281
2456600.6198 R 18.1795 0.0356
2456600.81192 R 18.1178 0.0241
2456600.81192 R 18.0821 0.0279
2456600.83632 R 18.0836 0.0275
2456601.86139 R 18.1616 0.0294
2456601.88642 R 18.1976 0.0331
2456601.88642 R 18.1567 0.0257
2456601.91106 R 18.134 0.0349
2456602.81331 R 18.2573 0.0363
2456602.83788 R 18.0942 0.0403
2456602.86546 R 18.1469 0.039
2456603.77443 R 18.2055 0.0324
2456603.79913 R 18.1967 0.0252
2456603.79913 R 18.2154 0.0314
2456603.82391 R 18.172 0.0296
2456604.75376 R 18.2503 0.0395
2456604.82581 R 18.2059 0.0372
2456604.82581 R 18.1637 0.0473
2456604.8539 R 18.0884 0.1596
2456605.75406 R 18.3197 0.0331
2456605.77892 R 18.227 0.0309
2456605.77892 R 18.2448 0.0259
2456605.82285 R 18.2369 0.0295
2456606.74943 R 17.7439 0.1946
2456607.61663 R 18.3428 0.0585
2456607.73797 R 18.2819 0.0323
2456607.73797 R 18.289 0.0414
2456607.76294 R 18.226 0.0414
2456608.66443 R 18.3019 0.057
2456608.69535 R 18.3168 0.05
2456608.69535 R 18.2739 0.0361
2456608.72003 R 18.181 0.0574
2456609.64036 R 18.371 0.0663
2456609.66495 R 18.2191 0.0651
2456609.66495 R 18.6199 0.0535
