No data from PTF
 
2457656.91606 R 20.3206 0.2168
2457657.98303 R 19.7371 0.1912
2457658.9076 R 19.8638 0.1091
2457659.94935 g 18.9671 0.0535
2457661.01987 g 18.687 0.0531
2457661.89076 R 18.7229 0.0417
2457661.92779 g 18.4293 0.0298
2457663.97303 R 18.2116 0.0314
2457663.99657 g 17.9717 0.0248
2457664.89889 R 18.0919 0.0281
2457664.9375 g 17.7974 0.021
2457665.9036 R 17.9641 0.0264
2457665.90477 R 17.9635 0.0253
2457665.94067 g 17.6518 0.0184
2457665.94179 g 17.6255 0.0183
2457666.98367 R 17.8421 0.0262
2457667.02139 g 17.5902 0.0235
2457667.90126 R 17.7298 0.0247
2457667.93669 g 17.4567 0.0183
2457668.89014 R 17.7294 0.021
2457668.92883 g 17.3836 0.0152
2457669.94727 R 17.6472 0.0232
2457669.98534 g 17.3389 0.0173
2457670.89986 R 17.6183 0.0201
2457670.93848 g 17.3123 0.0148
2457671.73803 g 17.2702 0.0168
2457671.75793 R 17.5864 0.0214
2457671.76275 R 17.5745 0.0217
2457671.76998 R 17.5916 0.0215
2457671.77727 R 17.5834 0.0211
2457671.78451 R 17.577 0.0213
2457671.79177 R 17.6036 0.0209
2457671.79905 R 17.5718 0.0203
2457671.8063 R 17.5852 0.0204
2457671.81355 R 17.5851 0.0201
2457671.82086 R 17.5818 0.0199
2457671.82815 R 17.5421 0.0186
2457671.83546 R 17.5906 0.0189
2457671.84275 R 17.5352 0.0187
2457671.85005 R 17.5512 0.0187
2457671.85734 R 17.554 0.0188
2457671.8647 R 17.5801 0.0188
2457671.87203 R 17.5586 0.019
2457671.87935 R 17.5421 0.0185
2457671.8867 R 17.5514 0.0191
2457671.89405 R 17.5483 0.0196
2457671.9014 R 17.5939 0.0196
2457671.90875 R 17.565 0.0197
2457671.91611 R 17.5991 0.0195
2457671.92348 R 17.5697 0.0195
2457671.93091 R 17.5969 0.0198
2457671.93833 R 17.5856 0.0207
2457671.94579 R 17.6025 0.0211
2457671.95321 R 17.6036 0.0224
2457671.96061 R 17.5289 0.0214
2457671.96801 R 17.5657 0.022
2457671.97543 R 17.5647 0.023
2457672.7626 g 17.2549 0.0183
2457672.78184 R 17.5039 0.0227
2457672.78647 R 17.5462 0.0217
2457672.79345 R 17.5216 0.0209
2457672.80042 R 17.4917 0.0206
2457672.80751 R 17.5385 0.0213
2457672.81456 R 17.5616 0.0208
2457672.82153 R 17.4733 0.0198
2457672.82848 R 17.52 0.0238
2457672.83544 R 17.5578 0.0212
2457672.8424 R 17.5521 0.0202
2457672.84935 R 17.5782 0.0217
2457672.85637 R 17.4977 0.02
2457672.86336 R 17.5561 0.0199
2457672.87035 R 17.5038 0.0191
2457672.87733 R 17.5127 0.0194
2457672.88433 R 17.535 0.0193
2457672.89131 R 17.5533 0.0199
2457672.89833 R 17.5294 0.0189
2457672.90539 R 17.5581 0.0192
2457672.9124 R 17.5447 0.0189
2457672.91946 R 17.5834 0.0197
2457672.92646 R 17.5013 0.0223
2457672.93346 R 17.5313 0.02
2457672.94047 R 17.5779 0.0197
2457672.94749 R 17.5477 0.02
2457672.9545 R 17.5525 0.0208
2457672.96152 R 17.5266 0.0198
2457672.96855 R 17.5523 0.0215
2457672.97559 R 17.5592 0.0215
2457672.98267 R 17.5143 0.0214
2457672.98972 R 17.5581 0.023
2457673.72308 g 17.2667 0.0225
2457673.74329 R 17.5501 0.0237
2457673.74817 R 17.5789 0.024
2457673.75551 R 17.5426 0.0229
2457673.76288 R 17.5564 0.0234
2457673.77023 R 17.5258 0.0233
2457673.77758 R 17.5331 0.0238
2457673.78494 R 17.5512 0.0225
2457673.7923 R 17.5702 0.0223
2457673.79968 R 17.5574 0.0219
2457673.80704 R 17.5542 0.0231
2457673.81443 R 17.5537 0.0225
2457673.8219 R 17.5642 0.024
2457673.82929 R 17.536 0.0232
2457673.83674 R 17.5299 0.0233
2457673.84413 R 17.5235 0.0224
2457673.85154 R 17.5146 0.0232
2457673.859 R 17.5429 0.0231
2457673.86642 R 17.54 0.0225
2457673.87385 R 17.5307 0.0219
2457673.88127 R 17.5431 0.0218
2457673.8887 R 17.5055 0.0212
2457673.89615 R 17.5382 0.0218
2457673.90359 R 17.5395 0.021
2457673.91105 R 17.5069 0.0194
2457673.91851 R 17.5507 0.0187
2457673.92598 R 17.5238 0.0185
2457673.93346 R 17.5095 0.0186
2457673.94097 R 17.5128 0.0188
2457673.94845 R 17.5394 0.0191
2457673.95594 R 17.5192 0.0192
2457673.96347 R 17.518 0.0192
2457674.7083 g 17.2401 0.0283
2457674.72759 R 17.5275 0.0349
2457674.73227 R 17.4906 0.0316
2457674.73926 R 17.5319 0.0303
2457674.74627 R 17.577 0.0296
2457674.75329 R 17.5353 0.0293
2457674.7603 R 17.5359 0.0292
2457674.76731 R 17.5709 0.0291
2457674.77434 R 17.5549 0.0288
2457674.78137 R 17.5672 0.0282
2457674.78843 R 17.5556 0.028
2457674.79546 R 17.5554 0.0275
2457674.80251 R 17.5893 0.0275
2457674.80956 R 17.5322 0.0287
2457674.81662 R 17.4968 0.0301
2457674.8237 R 17.5157 0.0305
2457674.83088 R 17.5472 0.0293
2457674.83795 R 17.5598 0.0288
2457674.84507 R 17.5839 0.029
2457674.85215 R 17.4856 0.0283
2457674.85929 R 17.5855 0.0308
2457674.8664 R 17.616 0.0302
2457674.87348 R 17.5438 0.0286
2457674.8806 R 17.5086 0.0296
2457674.88773 R 17.5489 0.0312
2457674.89486 R 17.535 0.0314
2457674.90201 R 17.5312 0.0299
2457674.90914 R 17.5141 0.029
2457674.91628 R 17.6046 0.0321
2457674.92344 R 17.5228 0.0312
2457674.9306 R 17.5758 0.0298
2457674.9378 R 17.524 0.028
2457683.80483 R 17.8203 0.0237
2457683.83405 g 17.6441 0.0212
2457695.80723 R 18.3086 0.0377
2457695.84152 g 18.6601 0.045
2457698.79159 R 18.3386 0.0317
2457698.82679 g 18.8476 0.0403
2457701.80237 g 19.2141 0.128
2457716.72328 R 19.1341 0.0976
2457722.68775 g 19.7998 0.1608
2457722.73449 R 19.3437 0.0884
2457725.63922 g 20.0656 0.1706
2457725.66663 R 19.3358 0.1269
